arr_temp = [[4, 4, 7, 3, 2, 2, 3, 3, 3, 2, 1, 1, 4, 8, 9, 3, 2, 1, 4, 10, 0, 11, 12, 13],
                [4, 4, 4, 3, 2, 2, 3, 3, 3, 2, 1, 1, 7, 4, 8, 3, 2, 1, 0, 9, 0, 10, 11, 12],
                [7, 4, 4, 3, 2, 2, 3, 3, 3, 2, 1, 1, 4, 4, 8, 3, 2, 1, 9, 10, 0, 11, 12, 13],
                [4, 4, 7, 3, 2, 2, 4, 3, 3, 2, 1, 1, 8, 4, 9, 3, 2, 1, 0, 10, 0, 11, 12, 13],
                [4, 7, 8, 3, 2, 2, 4, 3, 3, 2, 1, 1, 9, 4, 4, 3, 2, 1, 0, 10, 11, 12, 13, 14],
                [7, 4, 4, 3, 2, 2, 4, 3, 3, 2, 1, 1, 8, 9, 3, 2, 1, 0, 10, 0, 11, 12, 13],
                [7, 8, 9, 3, 2, 2, 4, 3, 3, 2, 1, 1, 10, 4, 4, 3, 2, 1, 11, 4, 12, 13, 14, 15],
                [4, 4, 4, 3, 2, 2, 7, 3, 3, 2, 1, 1, 8, 4, 9, 3, 2, 1, 0, 10, 0, 11, 12, 13],
                [2, 2, 3, 7, 8, 9, 1, 1, 2, 3, 3, 4, 1, 2, 3, 10, 11, 4, 12, 13, 14, 4, 4, 15],
                [2, 2, 3, 4, 4, 7, 1, 1, 2, 3, 3, 4, 1, 2, 3, 8, 4, 9, 10, 11, 2, 0, 13, 0],
                [2, 2, 3, 4, 7, 8, 1, 1, 2, 3, 3, 4, 1, 2, 3, 4, 4, 9, 10, 11, 12, 13, 14, 0],
                [2, 2, 3, 4, 4, 4, 1, 1, 2, 3, 3, 7, 1, 2, 3, 8, 4, 9, 10, 11, 12, 0, 13, 0],
                [2, 2, 3, 7, 4, 4, 1, 1, 2, 3, 3, 8, 1, 2, 3, 4, 4, 9, 10, 11, 12, 13, 14, 0],
                [2, 2, 3, 4, 4, 7, 1, 1, 2, 3, 3, 3, 1, 2, 3, 8, 4, 4, 9, 10, 11, 0, 12, 13],
                [2, 2, 3, 4, 4, 4, 1, 1, 2, 3, 3, 3, 1, 2, 3, 7, 4, 8, 9, 10, 11, 0, 12, 0],
                [2, 2, 3, 4, 4, 4, 1, 1, 2, 3, 3, 3, 1, 2, 3, 7, 4, 4, 8, 9, 10, 0, 11, 12],
                [4, 4, 4, 7, 2, 2, 3, 3, 3, 2, 1, 1, 4, 8, 9, 3, 2, 1, 10, 0, 0, 11, 12, 13],
                [4, 4, 4, 7, 2, 2, 3, 3, 3, 2, 1, 1, 8, 4, 9, 3, 2, 1, 0, 10, 0, 11, 12, 13],
                [2, 2, 3, 3, 4, 7, 1, 1, 2, 3, 4, 8, 1, 2, 3, 4, 9, 0, 10, 11, 12, 4, 13, 0],
                [2, 2, 3, 3, 7, 0, 1, 1, 2, 3, 4, 8, 1, 2, 3, 9, 4, 4, 10, 11, 12, 4, 13, 0],
                [3, 4, 4, 7, 8, 9, 2, 2, 2, 1, 1, 1, 3, 3, 3, 2, 10, 11, 4, 4, 12, 13, 0, 0],
                [3, 3, 3, 4, 4, 4, 2, 2, 2, 1, 1, 1, 3, 7, 4, 2, 8, 9, 10, 0, 11, 12, 0, 0],
                [2, 2, 3, 7, 8, 4, 1, 1, 2, 3, 3, 4, 1, 2, 3, 4, 3, 9, 10, 11, 12, 13, 4, 14],
                [2, 2, 3, 4, 4, 7, 1, 1, 2, 3, 4, 8, 1, 2, 3, 4, 9, 0, 10, 11, 3, 12, 0, 0],
                [2, 1, 2, 3, 4, 4, 1, 1, 2, 2, 3, 3, 7, 2, 8, 3, 9, 4, 0, 10, 0, 11, 12, 4],
                [4, 4, 4, 2, 2, 7, 3, 2, 2, 1, 1, 1, 3, 8, 9, 2, 10, 11, 4, 3, 3, 2, 12, 0],
                [2, 2, 2, 3, 3, 4, 1, 1, 1, 7, 3, 4, 8, 9, 2, 10, 11, 4, 0, 12, 3, 13, 4, 14],
                [2, 2, 7, 3, 8, 9, 1, 1, 2, 3, 4, 4, 1, 2, 3, 4, 10, 11, 12, 13, 3, 4, 14, 0],
                [7, 4, 4, 3, 1, 1, 3, 3, 3, 2, 2, 1, 4, 4, 8, 3, 2, 9, 10, 11, 12, 13, 14, 0],
                [3, 3, 2, 3, 4, 4, 1, 2, 2, 7, 4, 8, 1, 1, 3, 4, 9, 10, 2, 11, 12, 13, 0, 0],
                [7, 8, 2, 2, 3, 4, 1, 1, 2, 3, 9, 4, 1, 2, 3, 3, 10, 4, 11, 12, 13, 14, 4, 15],
                [4, 3, 3, 3, 2, 2, 4, 7, 8, 2, 1, 1, 9, 4, 4, 3, 2, 1, 0, 10, 11, 12, 13, 14],
                [4, 4, 4, 2, 7, 8, 3, 3, 3, 2, 1, 1, 9, 10, 4, 3, 2, 1, 0, 0, 11, 3, 2, 12]]  # 定形を1*24で表したリスト

    arr_temp_bias = [[500, 500, 500, 500, 1000, -999999, 100, 100, 100, 100, 100, 100, 100],
                     [500, 500, 500, 500, 1000, -999999, 100, 100, 100, 100, 100, 100],
                     [500, 500, 500, 500, 1000, -999999, 100, 100, 100, 100, 100, 100, 100],
                     [500, 500, 500, 500, 1000, -999999, 100, 100, 100, 100, 100, 100, 100],
                     [500, 500, 500, 500, 1000, -999999, 100, 100, 100, 100, 100, 100, 100, 100],
                     [500, 500, 500, 500, 1000, -999999, 100, 100, 100, 100, 100, 100, 100],
                     [500, 500, 500, 500, 1000, -999999, 100, 100, 100, 100, 100, 100, 100, 100, 100],
                     [500, 500, 500, 500, 1000, -999999, 100, 100, 100, 100, 100, 100, 100],
                     [500, 500, 500, 500, 1000, -999999, 100, 100, 100, 100, 100, 100, 100, 100, 100],
                     [500, 500, 500, 500, 1000, -999999, 100, 100, 100, 100, 100, 100, 100],
                     [500, 500, 500, 500, 1000, -999999, 100, 100, 100, 100, 100, 100, 100, 100],
                     [500, 500, 500, 500, 1000, -999999, 100, 100, 100, 100, 100, 100, 100],
                     [500, 500, 500, 500, 1000, -999999, 100, 100, 100, 100, 100, 100, 100, 100],
                     [500, 500, 500, 500, 1000, -999999, 100, 100, 100, 100, 100, 100, 100],
                     [500, 500, 500, 500, 1000, -999999, 100, 100, 100, 100, 100, 100],
                     [500, 500, 500, 500, 1000, -999999, 100, 100, 100, 100, 100, 100],
                     [500, 500, 500, 500, 1000, -999999, 100, 100, 100, 100, 100, 100, 100],
                     [500, 500, 500, 500, 1000, -999999, 100, 100, 100, 100, 100, 100, 100],
                     [500, 500, 500, 500, 1000, -999999, 100, 100, 100, 100, 100, 100, 100],
                     [500, 500, 500, 500, 1000, -999999, 100, 100, 100, 100, 100, 100, 100],
                     [500, 500, 500, 500, 1000, -999999, 100, 100, 100, 100, 100, 100, 100],
                     [500, 500, 500, 500, 1000, -999999, 100, 100, 100, 100, 100, 100],
                     [500, 500, 500, 500, 1000, -999999, 100, 100, 100, 100, 100, 100, 100, 100],
                     [500, 500, 500, 500, 1000, -999999, 100, 100, 100, 100, 100, 100],
                     [500, 500, 500, 500, 1000, -999999, 100, 100, 100, 100, 100, 100],
                     [500, 500, 500, 500, 1000, -999999, 100, 100, 100, 100, 100, 100],
                     [500, 500, 500, 500, 1000, -999999, 100, 100, 100, 100, 100, 100, 100, 100],
                     [500, 500, 500, 500, 1000, -999999, 100, 100, 100, 100, 100, 100, 100, 100],
                     [500, 500, 500, 500, 1000, -999999, 100, 100, 100, 100, 100, 100, 100, 100],
                     [500, 500, 500, 500, 1000, -999999, 100, 100, 100, 100, 100, 100, 100],
                     [500, 500, 500, 500, 1000, -999999, 100, 100, 100, 100, 100, 100, 100, 100, 100],
                     [500, 500, 500, 500, 1000, -999999, 100, 100, 100, 100, 100, 100, 100, 100],
                     [500, 500, 500, 500, 1000, -999999, 100, 100, 100, 100, 100, 100]]

    taboo_set = [[[1, 2], [1, 13], [2, 3], [2, 12], [3, 4], [3, 7], [3, 8], [3, 9], [3, 11], [4, 9], [4, 10]],
                 [[1, 2], [1, 10], [1, 12], [2, 3], [2, 11], [3, 4], [3, 7], [3, 8], [3, 10], [4, 9]],
                 [[1, 2], [1, 13], [2, 3], [2, 12], [3, 4], [3, 7], [3, 8], [3, 11], [4, 9], [4, 10]],
                 [[1, 2], [1, 13], [2, 3], [2, 12], [3, 4], [3, 7], [3, 9], [3, 11], [4, 7], [4, 8]],
                 [[1, 2], [1, 14], [2, 3], [2, 13], [3, 4], [3, 7], [3, 8], [3, 12], [4, 8], [4, 9], [4, 10], [4, 12]],
                 [[1, 2], [1, 13], [2, 3], [2, 12], [3, 4], [3, 9], [3, 11], [4, 7], [4, 9], [4, 10]],
                 [[1, 2], [1, 15], [2, 3], [2, 14], [3, 4], [3, 8], [3, 9], [3, 13], [4, 8], [4, 10], [4, 9], [4, 11],
                  [4, 12]],
                 [[1, 2], [1, 13], [2, 3], [2, 12], [3, 4], [3, 9], [3, 11], [4, 7], [4, 8]],
                 [[1, 2], [1, 12], [2, 3], [2, 13], [3, 4], [3, 7], [3, 8], [3, 10], [3, 11], [3, 14], [4, 9], [4, 10],
                  [4, 11], [4, 14], [4, 15]],
                 [[1, 2], [1, 10], [2, 3], [2, 11], [3, 4], [3, 8], [3, 12], [4, 7], [4, 8], [4, 13]],
                 [[1, 2], [1, 10], [2, 3], [2, 11], [3, 4], [3, 7], [3, 12], [4, 7], [4, 8], [4, 9], [4, 13], [4, 14]],
                 [[1, 2], [1, 10], [2, 3], [2, 11], [3, 4], [3, 8], [3, 9], [3, 12], [4, 7], [4, 8], [4, 9], [4, 13]],
                 [[1, 2], [1, 10], [2, 3], [2, 11], [3, 4], [3, 7], [3, 12], [4, 9], [4, 8], [4, 13], [4, 14]],
                 [[1, 2], [1, 9], [2, 3], [2, 10], [3, 4], [3, 8], [3, 11], [4, 8], [4, 12], [4, 13]],
                 [[1, 2], [1, 9], [2, 3], [2, 10], [3, 4], [3, 7], [3, 8], [3, 11], [4, 7], [4, 12]],
                 [[1, 2], [1, 8], [2, 3], [2, 9], [3, 4], [3, 7], [3, 10], [4, 7], [4, 11], [4, 12]],
                 [[1, 2], [1, 13], [2, 3], [2, 7], [2, 12], [3, 4], [3, 8], [3, 9], [3, 11], [4, 7], [4, 8], [4, 9]],
                 [[1, 2], [1, 13], [2, 3], [2, 12], [3, 4], [3, 8], [3, 9], [3, 11], [4, 7], [4, 8], [4, 9], [4, 10]],
                 [[1, 2], [1, 10], [2, 3], [2, 11], [3, 4], [3, 12], [4, 9], [4, 8], [4, 13], [4, 12]],
                 [[1, 2], [1, 10], [2, 3], [2, 11], [3, 4], [3, 7], [3, 9], [3, 12], [4, 13], [4, 12]],
                 [[1, 2], [1, 7], [1, 8], [1, 9], [1, 10], [1, 11], [2, 3], [2, 10], [3, 4], [3, 12], [4, 7], [4, 8],
                  [4, 9], [4, 12]],
                 [[1, 2], [1, 8], [1, 9], [2, 3], [2, 7], [2, 8], [2, 9], [2, 12], [3, 4], [3, 7], [3, 10], [4, 12]],
                 [[1, 2], [1, 10], [2, 3], [2, 7], [2, 11], [3, 4], [3, 7], [3, 8], [3, 9], [3, 12], [4, 7], [4, 8],
                  [4, 13], [4, 14]],
                 [[1, 2], [1, 10], [2, 3], [2, 11], [3, 4], [3, 7], [3, 12], [4, 9], [4, 8], [4, 13], [4, 14]],
                 [[1, 2], [1, 10], [2, 3], [2, 11], [3, 4], [3, 11], [3, 12], [4, 9], [4, 8], [4, 7], [4, 12]],
                 [[1, 2], [1, 7], [2, 3], [2, 7], [2, 8], [3, 4], [3, 9], [3, 11], [4, 9], [4, 12]],
                 [[1, 2], [1, 7], [1, 10], [1, 11], [2, 3], [2, 4], [2, 8], [2, 9], [2, 10], [2, 11], [3, 4], [3, 8],
                  [4, 9], [4, 8]],
                 [[1, 2], [1, 7], [1, 8], [1, 9], [2, 3], [2, 10], [3, 4], [3, 7], [3, 8], [3, 11], [4, 11], [4, 13],
                  [4, 14]],
                 [[1, 2], [1, 12], [2, 3], [2, 7], [2, 13], [3, 4], [3, 8], [3, 9], [3, 11], [3, 13], [4, 8],
                  [4, 9], [4, 10], [4, 11], [4, 14]],
                 [[1, 2], [1, 9], [2, 3], [2, 9], [2, 14], [3, 4], [3, 7], [3, 8], [3, 13], [4, 8], [4, 10], [4, 11]],
                 [[1, 2], [1, 3], [1, 11], [2, 3], [2, 4], [2, 7], [2, 11], [3, 4], [3, 8], [3, 12], [4, 7], [4, 8],
                  [4, 9], [4, 13]],
                 [[1, 2], [1, 7], [1, 8], [1, 11], [2, 3], [2, 7], [2, 8], [2, 12], [3, 4], [3, 9], [3, 10], [3, 13],
                  [3, 14], [4, 9], [4, 10], [4, 14], [4, 15]],
                 [[1, 2], [1, 8], [1, 14], [2, 3], [2, 7], [2, 8], [2, 13], [3, 4], [3, 7], [3, 8], [3, 12], [4, 7],
                  [4, 9], [4, 8], [4, 10], [4, 11]],
                 [[1, 2], [1, 7], [1, 8], [1, 12], [2, 3], [2, 4], [2, 7], [2, 8], [2, 10], [2, 12], [3, 4], [3, 9],
                  [3, 10], [3, 11], [4, 9], [4, 11]]]
